721
5
8
27
29
28
31
30
725
37
77
47
51
66
67
71
86
107
129
458
140
147
157
156
164
193
196
204
235
229
231
234
96
257
253
254
255
277
288
295
301
306
312
311
328
327
331
334
365
366
671
498
367
388
392
400
404
415
414
418
416
419
428
433
430
434
726
463
466
473
472
457
490
497
503
509
513
519
518
522
521
523
529
528
539
545
559
574
587
663
626
630
646
648
651
664
674
688
698
690
694
703
697
670
700
709
716
718
719
128
110
465
657
704
706
732
731
736
746
742
749
756
754
768
772
774
796
811
